565424788cbcea3a3680e55758eef1941b027a6e53c527b8d15a984437f2d78e286efb7da49da7aeeb16da17afa3680a4db2d6fb99ecc5d9895e3940b9afd376
[[[0, 245, 318, 255, 281, 222, 154, 89, 121, 202, 372, 154, 201, 154, 209, 258, 180, 229, 164, 213, 196, 327, 209, 55, 309, 204, 233, 136, 319, 185, 276, 46, 194, 128, 173, 302, 309, 171, 237, 319, 364, 302, 389, 231, 232, 247, 226, 51, 105, 280, 173, 394, 226, 184, 117, 269, 136, 338, 193, 161, 188], [245, 0, 85, 231, 368, 212, 365, 300, 252, 413, 273, 219, 332, 302, 357, 111, 169, 313, 312, 291, 49, 228, 198, 190, 301, 244, 381, 284, 406, 263, 162, 291, 259, 117, 162, 450, 169, 258, 440, 352, 451, 441, 273, 59, 380, 236, 313, 199, 253, 256, 162, 490, 19, 271, 328, 341, 223, 191, 375, 309, 391], [318, 85, 0, 180, 441, 165, 438, 373, 266, 486, 222, 233, 290, 375, 375, 60, 242, 262, 334, 364, 122, 177, 271, 263, 250, 317, 355, 340, 479, 336, 111, 364, 241, 190, 215, 460, 118, 331, 513, 301, 524, 390, 222, 144, 398, 309, 386, 272, 326, 205, 235, 563, 104, 344, 401, 290, 296, 140, 448, 382, 464], [255, 231, 180, 0, 410, 64, 351, 286, 134, 399, 117, 101, 110, 272, 195, 120, 211, 82, 202, 333, 182, 72, 240, 232, 70, 286, 175, 208, 448, 305, 95, 301, 61, 159, 114, 280, 62, 300, 426, 121, 493, 210, 134, 217, 218, 278, 355, 204, 239, 25, 138, 532, 212, 313, 314, 110, 265, 97, 361, 295, 433], [281, 368, 441, 410, 0, 346, 259, 318, 386, 211, 527, 353, 466, 391, 469, 381, 199, 492, 424, 139, 319, 482, 228, 226, 480, 186, 493, 396, 38, 167, 400, 275, 393, 251, 296, 562, 433, 110, 246, 531, 83, 562, 543, 354, 492, 266, 55, 332, 365, 435, 296, 122, 349, 97, 296, 520, 145, 461, 298, 364, 133], [222, 212, 165, 64, 346, 0, 318, 253, 101, 366, 181, 68, 174, 239, 214, 105, 147, 146, 169, 269, 163, 136, 176, 168, 134, 222, 238, 175, 384, 241, 54, 268, 108, 95, 50, 307, 87, 236, 393, 185, 429, 274, 198, 198, 237, 214, 291, 171, 206, 89, 74, 468, 193, 249, 281, 174, 201, 122, 328, 262, 369], [154, 365, 438, 351, 259, 318, 0, 65, 217, 48, 468, 250, 297, 132, 216, 378, 300, 325, 171, 367, 316, 423, 329, 209, 405, 358, 240, 143, 297, 339, 372, 108, 290, 248, 293, 309, 405, 325, 83, 415, 342, 309, 485, 351, 239, 367, 314, 166, 112, 376, 293, 240, 346, 338, 37, 365, 290, 440, 39, 105, 250], [89, 300, 373, 286, 318, 253, 65, 0, 152, 113, 403, 185, 232, 96, 151, 313, 235, 260, 106, 302, 251, 358, 264, 144, 340, 293, 175, 78, 356, 274, 307, 43, 225, 183, 228, 244, 340, 260, 148, 350, 401, 244, 420, 286, 174, 302, 263, 101, 47, 311, 228, 305, 281, 273, 28, 300, 225, 375, 104, 103, 185], [121, 252, 266, 134, 386, 101, 217, 152, 0, 265, 251, 33, 80, 138, 113, 206, 187, 108, 68, 309, 203, 206, 216, 176, 188, 262, 137, 74, 424, 281, 155, 167, 73, 135, 114, 206, 188, 276, 292, 198, 469, 206, 268, 238, 136, 254, 331, 70, 105, 159, 90, 449, 233, 289, 180, 148, 241, 223, 227, 161, 309], [202, 413, 486, 399, 211, 366, 48, 113, 265, 0, 516, 298, 345, 180, 264, 426, 348, 373, 219, 350, 364, 471, 377, 257, 453, 397, 288, 191, 249, 378, 420, 156, 338, 296, 341, 357, 453, 321, 35, 463, 294, 357, 533, 399, 287, 415, 266, 214, 160, 424, 341, 192, 394, 308, 85, 413, 338, 488, 87, 153, 298], [372, 273, 222, 117, 527, 181, 468, 403, 251, 516, 0, 218, 227, 389, 312, 162, 328, 199, 319, 450, 224, 45, 357, 349, 130, 403, 292, 325, 565, 422, 137, 418, 178, 276, 231, 333, 104, 417, 543, 113, 610, 263, 107, 259, 333, 395, 472, 321, 356, 142, 255, 649, 254, 430, 431, 163, 382, 139, 478, 412, 550], [154, 219, 233, 101, 353, 68, 250, 185, 33, 298, 218, 0, 113, 171, 146, 173, 154, 141, 101, 276, 170, 173, 183, 175, 171, 229, 170, 107, 391, 248, 122, 200, 40, 102, 81, 239, 155, 243, 325, 222, 436, 239, 235, 205, 169, 221, 298, 103, 138, 126, 57, 475, 200, 256, 213, 181, 208, 190, 260, 194, 342], [201, 332, 290, 110, 466, 174, 297, 232, 80, 345, 227, 113, 0, 218, 85, 230, 267, 28, 130, 389, 283, 182, 296, 256, 108, 342, 65, 154, 504, 361, 205, 247, 77, 215, 194, 178, 172, 356, 372, 118, 549, 130, 244, 318, 108, 334, 411, 150, 185, 85, 170, 529, 313, 369, 260, 68, 321, 207, 307, 241, 389], [154, 302, 375, 272, 391, 239, 132, 96, 138, 180, 389, 171, 218, 0, 137, 315, 237, 246, 92, 359, 253, 344, 266, 209, 326, 312, 161, 64, 399, 331, 293, 139, 211, 185, 230, 230, 326, 325, 158, 336, 444, 230, 406, 288, 160, 304, 359, 103, 49, 297, 228, 315, 283, 338, 124, 286, 290, 361, 93, 27, 281], [209, 357, 375, 195, 469, 214, 216, 151, 113, 264, 312, 146, 85, 137, 0, 315, 292, 113, 45, 414, 308, 267, 321, 264, 193, 367, 24, 73, 507, 386, 268, 194, 162, 240, 227, 93, 257, 380, 291, 203, 552, 93, 329, 343, 23, 359, 414, 158, 104, 170, 203, 448, 338, 393, 179, 153, 345, 292, 226, 160, 336], [258, 111, 60, 120, 381, 105, 378, 313, 206, 426, 162, 173, 230, 315, 315, 0, 182, 202, 274, 304, 62, 117, 211, 203, 190, 257, 295, 280, 419, 276, 51, 304, 181, 130, 155, 400, 58, 271, 453, 241, 464, 330, 162, 97, 338, 249, 326, 212, 266, 145, 175, 503, 92, 284, 341, 230, 236, 80, 388, 322, 404], [180, 169, 242, 211, 199, 147, 300, 235, 187, 348, 328, 154, 267, 237, 292, 182, 0, 293, 247, 122, 120, 283, 29, 125, 281, 75, 316, 219, 237, 94, 201, 226, 194, 52, 97, 385, 234, 89, 375, 332, 282, 385, 344, 155, 315, 67, 144, 134, 188, 236, 97, 321, 150, 102, 263, 321, 54, 262, 310, 244, 222], [229, 313, 262, 82, 492, 146, 325, 260, 108, 373, 199, 141, 28, 246, 113, 202, 293, 0, 158, 415, 264, 154, 322, 284, 80, 368, 93, 182, 530, 387, 177, 275, 105, 241, 196, 206, 144, 382, 400, 90, 575, 140, 216, 299, 136, 360, 437, 178, 213, 57, 198, 557, 294, 395, 288, 40, 347, 179, 335, 269, 417], [164, 312, 334, 202, 424, 169, 171, 106, 68, 219, 319, 101, 130, 92, 45, 274, 247, 158, 0, 369, 263, 274, 276, 219, 238, 322, 69, 28, 462, 341, 223, 149, 141, 195, 182, 138, 256, 335, 246, 248, 507, 138, 336, 298, 68, 314, 369, 113, 59, 215, 158, 403, 293, 348, 134, 198, 300, 291, 181, 115, 291], [213, 291, 364, 333, 139, 269, 367, 302, 309, 350, 450, 276, 389, 359, 414, 304, 122, 415, 369, 0, 242, 405, 132, 158, 403, 47, 438, 341, 177, 28, 323, 259, 316, 174, 219, 507, 356, 61, 385, 454, 222, 507, 466, 277, 437, 170, 84, 256, 310, 358, 219, 261, 272, 74, 330, 443, 77, 384, 406, 366, 162], [196, 49, 122, 182, 319, 163, 316, 251, 203, 364, 224, 170, 283, 253, 308, 62, 120, 264, 263, 242, 0, 179, 149, 141, 252, 195, 332, 235, 357, 214, 113, 242, 210, 68, 113, 401, 120, 209, 391, 303, 402, 392, 224, 35, 331, 187, 264, 150, 204, 207, 113, 441, 30, 222, 279, 292, 174, 142, 326, 260, 342], [327, 228, 177, 72, 482, 136, 423, 358, 206, 471, 45, 173, 182, 344, 267, 117, 283, 154, 274, 405, 179, 0, 312, 304, 85, 358, 247, 280, 520, 377, 92, 373, 133, 231, 186, 295, 59, 372, 498, 136, 565, 225, 62, 214, 290, 350, 427, 276, 311, 97, 210, 604, 209, 385, 386, 125, 337, 94, 433, 367, 505], [209, 198, 271, 240, 228, 176, 329, 264, 216, 377, 357, 183, 296, 266, 321, 211, 29, 322, 276, 132, 149, 312, 0, 154, 310, 85, 345, 248, 266, 104, 230, 255, 223, 81, 126, 414, 263, 118, 404, 361, 311, 414, 373, 184, 344, 38, 173, 163, 217, 265, 126, 350, 179, 131, 292, 350, 83, 291, 339, 273, 251], [55, 190, 263, 232, 226, 168, 209, 144, 176, 257, 349, 175, 256, 209, 264, 203, 125, 284, 219, 158, 141, 304, 154, 0, 302, 149, 288, 191, 264, 130, 222, 101, 215, 73, 118, 357, 255, 116, 292, 353, 309, 357, 365, 176, 287, 192, 171, 106, 160, 257, 118, 348, 171, 129, 172, 324, 81, 283, 248, 216, 243], [309, 301, 250, 70, 480, 134, 405, 340, 188, 453, 130, 171, 108, 326, 193, 190, 281, 80, 238, 403, 252, 85, 310, 302, 0, 356, 173, 262, 518, 375, 165, 355, 131, 229, 184, 210, 132, 370, 480, 51, 563, 140, 147, 287, 210, 348, 425, 258, 293, 45, 208, 602, 282, 383, 368, 40, 335, 167, 415, 349, 497], [204, 244, 317, 286, 186, 222, 358, 293, 262, 397, 403, 229, 342, 312, 367, 257, 75, 368, 322, 47, 195, 358, 85, 149, 356, 0, 391, 294, 224, 19, 276, 250, 269, 127, 172, 460, 309, 103, 432, 407, 269, 460, 419, 230, 390, 123, 131, 209, 263, 311, 172, 308, 225, 116, 321, 396, 68, 337, 385, 319, 209], [233, 381, 355, 175, 493, 238, 240, 175, 137, 288, 292, 170, 65, 161, 24, 295, 316, 93, 69, 438, 332, 247, 345, 288, 173, 391, 0, 97, 531, 410, 270, 218, 142, 264, 251, 117, 237, 404, 315, 183, 576, 117, 309, 367, 47, 383, 438, 182, 128, 150, 227, 472, 362, 417, 203, 133, 369, 272, 250, 184, 360], [136, 284, 340, 208, 396, 175, 143, 78, 74, 191, 325, 107, 154, 64, 73, 280, 219, 182, 28, 341, 235, 280, 248, 191, 262, 294, 97, 0, 434, 313, 229, 121, 147, 167, 188, 166, 262, 307, 218, 272, 479, 166, 342, 270, 96, 286, 341, 85, 31, 233, 164, 375, 265, 320, 106, 222, 272, 297, 153, 87, 263], [319, 406, 479, 448, 38, 384, 297, 356, 424, 249, 565, 391, 504, 399, 507, 419, 237, 530, 462, 177, 357, 520, 266, 264, 518, 224, 531, 434, 0, 205, 438, 313, 431, 289, 334, 600, 471, 148, 241, 569, 45, 600, 581, 392, 530, 304, 93, 370, 403, 473, 334, 84, 387, 135, 334, 558, 183, 499, 306, 372, 171], [185, 263, 336, 305, 167, 241, 339, 274, 281, 378, 422, 248, 361, 331, 386, 276, 94, 387, 341, 28, 214, 377, 104, 130, 375, 19, 410, 313, 205, 0, 295, 231, 288, 146, 191, 479, 328, 84, 413, 426, 250, 479, 438, 249, 409, 142, 112, 228, 282, 330, 191, 289, 244, 97, 302, 415, 49, 356, 378, 338, 190], [276, 162, 111, 95, 400, 54, 372, 307, 155, 420, 137, 122, 205, 293, 268, 51, 201, 177, 223, 323, 113, 92, 230, 222, 165, 276, 270, 229, 438, 295, 0, 322, 156, 149, 104, 361, 33, 290, 447, 216, 483, 305, 150, 148, 291, 268, 345, 225, 260, 120, 128, 522, 143, 303, 335, 205, 255, 68, 382, 316, 423], [46, 291, 364, 301, 275, 268, 108, 43, 167, 156, 418, 200, 247, 139, 194, 304, 226, 275, 149, 259, 242, 373, 255, 101, 355, 250, 218, 121, 313, 231, 322, 0, 240, 174, 219, 287, 355, 217, 191, 365, 358, 287, 435, 277, 217, 293, 220, 97, 90, 326, 219, 348, 272, 230, 71, 315, 182, 384, 147, 146, 142], [194, 259, 241, 61, 393, 108, 290, 225, 73, 338, 178, 40, 77, 211, 162, 181, 194, 105, 141, 316, 210, 133, 223, 215, 131, 269, 142, 147, 431, 288, 156, 240, 0, 142, 121, 255, 123, 283, 365, 182, 476, 207, 195, 245, 185, 261, 338, 143, 178, 86, 97, 515, 240, 296, 253, 145, 248, 158, 300, 234, 382], [128, 117, 190, 159, 251, 95, 248, 183, 135, 296, 276, 102, 215, 185, 240, 130, 52, 241, 195, 174, 68, 231, 81, 73, 229, 127, 264, 167, 289, 146, 149, 174, 142, 0, 45, 333, 182, 141, 323, 280, 334, 333, 292, 103, 263, 119, 196, 82, 136, 184, 45, 373, 98, 154, 211, 269, 106, 210, 258, 192, 274], [173, 162, 215, 114, 296, 50, 293, 228, 114, 341, 231, 81, 194, 230, 227, 155, 97, 196, 182, 219, 113, 186, 126, 118, 184, 172, 251, 188, 334, 191, 104, 219, 121, 45, 0, 320, 137, 186, 368, 235, 379, 320, 248, 148, 250, 164, 241, 127, 181, 139, 24, 418, 143, 199, 256, 224, 151, 172, 303, 237, 319], [302, 450, 460, 280, 562, 307, 309, 244, 206, 357, 333, 239, 178, 230, 93, 400, 385, 206, 138, 507, 401, 295, 414, 357, 210, 460, 117, 166, 600, 479, 361, 287, 255, 333, 320, 0, 342, 473, 384, 220, 645, 70, 357, 436, 70, 452, 507, 251, 197, 255, 296, 541, 431, 486, 272, 170, 438, 377, 319, 253, 429], [309, 169, 118, 62, 433, 87, 405, 340, 188, 453, 104, 155, 172, 326, 257, 58, 234, 144, 256, 356, 120, 59, 263, 255, 132, 309, 237, 262, 471, 328, 33, 355, 123, 182, 137, 342, 0, 323, 480, 183, 516, 272, 117, 155, 280, 301, 378, 258, 293, 87, 161, 555, 150, 336, 368, 172, 288, 35, 415, 349, 456], [171, 258, 331, 300, 110, 236, 325, 260, 276, 321, 417, 243, 356, 325, 380, 271, 89, 382, 335, 61, 209, 372, 118, 116, 370, 103, 404, 307, 148, 84, 290, 217, 283, 141, 186, 473, 323, 0, 356, 421, 193, 473, 433, 244, 403, 156, 55, 222, 276, 325, 186, 232, 239, 13, 288, 410, 35, 351, 364, 332, 133], [237, 440, 513, 426, 246, 393, 83, 148, 292, 35, 543, 325, 372, 158, 291, 453, 375, 400, 246, 385, 391, 498, 404, 292, 480, 432, 315, 218, 241, 413, 447, 191, 365, 323, 368, 384, 480, 356, 0, 490, 286, 384, 560, 426, 314, 442, 301, 241, 187, 451, 368, 157, 421, 343, 120, 440, 373, 515, 65, 131, 333], [319, 352, 301, 121, 531, 185, 415, 350, 198, 463, 113, 222, 118, 336, 203, 241, 332, 90, 248, 454, 303, 136, 361, 353, 51, 407, 183, 272, 569, 426, 216, 365, 182, 280, 235, 220, 183, 421, 490, 0, 614, 150, 198, 338, 220, 399, 476, 268, 303, 96, 259, 647, 333, 434, 378, 50, 386, 218, 425, 359, 507], [364, 451, 524, 493, 83, 429, 342, 401, 469, 294, 610, 436, 549, 444, 552, 464, 282, 575, 507, 222, 402, 565, 311, 309, 563, 269, 576, 479, 45, 250, 483, 358, 476, 334, 379, 645, 516, 193, 286, 614, 0, 645, 626, 437, 575, 349, 138, 415, 448, 518, 379, 129, 432, 180, 379, 603, 228, 544, 351, 417, 216], [302, 441, 390, 210, 562, 274, 309, 244, 206, 357, 263, 239, 130, 230, 93, 330, 385, 140, 138, 507, 392, 225, 414, 357, 140, 460, 117, 166, 600, 479, 305, 287, 207, 333, 320, 70, 272, 473, 384, 150, 645, 0, 287, 427, 70, 452, 507, 251, 197, 185, 296, 541, 422, 486, 272, 100, 438, 307, 319, 253, 429], [389, 273, 222, 134, 543, 198, 485, 420, 268, 533, 107, 235, 244, 406, 329, 162, 344, 216, 336, 466, 224, 62, 373, 365, 147, 419, 309, 342, 581, 438, 150, 435, 195, 292, 248, 357, 117, 433, 560, 198, 626, 287, 0, 259, 352, 411, 488, 338, 373, 159, 272, 665, 254, 446, 448, 187, 398, 82, 495, 429, 566], [231, 59, 144, 217, 354, 198, 351, 286, 238, 399, 259, 205, 318, 288, 343, 97, 155, 299, 298, 277, 35, 214, 184, 176, 287, 230, 367, 270, 392, 249, 148, 277, 245, 103, 148, 436, 155, 244, 426, 338, 437, 427, 259, 0, 366, 222, 299, 185, 239, 242, 148, 476, 40, 257, 314, 327, 209, 177, 361, 295, 377], [232, 380, 398, 218, 492, 237, 239, 174, 136, 287, 333, 169, 108, 160, 23, 338, 315, 136, 68, 437, 331, 290, 344, 287, 210, 390, 47, 96, 530, 409, 291, 217, 185, 263, 250, 70, 280, 403, 314, 220, 575, 70, 352, 366, 0, 382, 437, 181, 127, 193, 226, 471, 361, 416, 202, 170, 368, 315, 249, 183, 359], [247, 236, 309, 278, 266, 214, 367, 302, 254, 415, 395, 221, 334, 304, 359, 249, 67, 360, 314, 170, 187, 350, 38, 192, 348, 123, 383, 286, 304, 142, 268, 293, 261, 119, 164, 452, 301, 156, 442, 399, 349, 452, 411, 222, 382, 0, 211, 201, 255, 303, 164, 388, 217, 169, 330, 388, 121, 329, 377, 311, 289], [226, 313, 386, 355, 55, 291, 314, 263, 331, 266, 472, 298, 411, 359, 414, 326, 144, 437, 369, 84, 264, 427, 173, 171, 425, 131, 438, 341, 93, 112, 345, 220, 338, 196, 241, 507, 378, 55, 301, 476, 138, 507, 488, 299, 437, 211, 0, 277, 310, 380, 241, 177, 294, 42, 291, 465, 90, 406, 353, 366, 78], [51, 199, 272, 204, 332, 171, 166, 101, 70, 214, 321, 103, 150, 103, 158, 212, 134, 178, 113, 256, 150, 276, 163, 106, 258, 209, 182, 85, 370, 228, 225, 97, 143, 82, 127, 251, 258, 222, 241, 268, 415, 251, 338, 185, 181, 201, 277, 0, 54, 229, 127, 398, 180, 235, 129, 218, 187, 292, 176, 110, 239], [105, 253, 326, 239, 365, 206, 112, 47, 105, 160, 356, 138, 185, 49, 104, 266, 188, 213, 59, 310, 204, 311, 217, 160, 293, 263, 128, 31, 403, 282, 260, 90, 178, 136, 181, 197, 293, 276, 187, 303, 448, 197, 373, 239, 127, 255, 310, 54, 0, 264, 181, 344, 234, 289, 75, 253, 241, 328, 122, 56, 232], [280, 256, 205, 25, 435, 89, 376, 311, 159, 424, 142, 126, 85, 297, 170, 145, 236, 57, 215, 358, 207, 97, 265, 257, 45, 311, 150, 233, 473, 330, 120, 326, 86, 184, 139, 255, 87, 325, 451, 96, 518, 185, 159, 242, 193, 303, 380, 229, 264, 0, 163, 557, 237, 338, 339, 85, 290, 122, 386, 320, 458], [173, 162, 235, 138, 296, 74, 293, 228, 90, 341, 255, 57, 170, 228, 203, 175, 97, 198, 158, 219, 113, 210, 126, 118, 208, 172, 227, 164, 334, 191, 128, 219, 97, 45, 24, 296, 161, 186, 368, 259, 379, 296, 272, 148, 226, 164, 241, 127, 181, 163, 0, 418, 143, 199, 256, 238, 151, 196, 303, 237, 319], [394, 490, 563, 532, 122, 468, 240, 305, 449, 192, 649, 475, 529, 315, 448, 503, 321, 557, 403, 261, 441, 604, 350, 348, 602, 308, 472, 375, 84, 289, 522, 348, 515, 373, 418, 541, 555, 232, 157, 647, 129, 541, 665, 476, 471, 388, 177, 398, 344, 557, 418, 0, 471, 219, 277, 597, 267, 583, 222, 288, 255], [226, 19, 104, 212, 349, 193, 346, 281, 233, 394, 254, 200, 313, 283, 338, 92, 150, 294, 293, 272, 30, 209, 179, 171, 282, 225, 362, 265, 387, 244, 143, 272, 240, 98, 143, 431, 150, 239, 421, 333, 432, 422, 254, 40, 361, 217, 294, 180, 234, 237, 143, 471, 0, 252, 309, 322, 204, 172, 356, 290, 372], [184, 271, 344, 313, 97, 249, 338, 273, 289, 308, 430, 256, 369, 338, 393, 284, 102, 395, 348, 74, 222, 385, 131, 129, 383, 116, 417, 320, 135, 97, 303, 230, 296, 154, 199, 486, 336, 13, 343, 434, 180, 486, 446, 257, 416, 169, 42, 235, 289, 338, 199, 219, 252, 0, 301, 423, 48, 364, 377, 345, 120], [117, 328, 401, 314, 296, 281, 37, 28, 180, 85, 431, 213, 260, 124, 179, 341, 263, 288, 134, 330, 279, 386, 292, 172, 368, 321, 203, 106, 334, 302, 335, 71, 253, 211, 256, 272, 368, 288, 120, 378, 379, 272, 448, 314, 202, 330, 291, 129, 75, 339, 256, 277, 309, 301, 0, 328, 253, 403, 76, 131, 213], [269, 341, 290, 110, 520, 174, 365, 300, 148, 413, 163, 181, 68, 286, 153, 230, 321, 40, 198, 443, 292, 125, 350, 324, 40, 396, 133, 222, 558, 415, 205, 315, 145, 269, 224, 170, 172, 410, 440, 50, 603, 100, 187, 327, 170, 388, 465, 218, 253, 85, 238, 597, 322, 423, 328, 0, 375, 207, 375, 309, 457], [136, 223, 296, 265, 145, 201, 290, 225, 241, 338, 382, 208, 321, 290, 345, 236, 54, 347, 300, 77, 174, 337, 83, 81, 335, 68, 369, 272, 183, 49, 255, 182, 248, 106, 151, 438, 288, 35, 373, 386, 228, 438, 398, 209, 368, 121, 90, 187, 241, 290, 151, 267, 204, 48, 253, 375, 0, 316, 329, 297, 168], [338, 191, 140, 97, 461, 122, 440, 375, 223, 488, 139, 190, 207, 361, 292, 80, 262, 179, 291, 384, 142, 94, 291, 283, 167, 337, 272, 297, 499, 356, 68, 384, 158, 210, 172, 377, 35, 351, 515, 218, 544, 307, 82, 177, 315, 329, 406, 292, 328, 122, 196, 583, 172, 364, 403, 207, 316, 0, 450, 384, 484], [193, 375, 448, 361, 298, 328, 39, 104, 227, 87, 478, 260, 307, 93, 226, 388, 310, 335, 181, 406, 326, 433, 339, 248, 415, 385, 250, 153, 306, 378, 382, 147, 300, 258, 303, 319, 415, 364, 65, 425, 351, 319, 495, 361, 249, 377, 353, 176, 122, 386, 303, 222, 356, 377, 76, 375, 329, 450, 0, 66, 289], [161, 309, 382, 295, 364, 262, 105, 103, 161, 153, 412, 194, 241, 27, 160, 322, 244, 269, 115, 366, 260, 367, 273, 216, 349, 319, 184, 87, 372, 338, 316, 146, 234, 192, 237, 253, 349, 332, 131, 359, 417, 253, 429, 295, 183, 311, 366, 110, 56, 320, 237, 288, 290, 345, 131, 309, 297, 384, 66, 0, 288], [188, 391, 464, 433, 133, 369, 250, 185, 309, 298, 550, 342, 389, 281, 336, 404, 222, 417, 291, 162, 342, 505, 251, 243, 497, 209, 360, 263, 171, 190, 423, 142, 382, 274, 319, 429, 456, 133, 333, 507, 216, 429, 566, 377, 359, 289, 78, 239, 232, 458, 319, 255, 372, 120, 213, 457, 168, 484, 289, 288, 0]], [[0, 52, 15, 32, 46, 11, 54, 31, 47, 6, 21, 8, 8, 48, 18, 20, 33, 12, 27, 29, 33, 3, 16, 0, 55, 29, 14, 48, 4, 56, 5, 0, 11, 23, 33, 44, 30, 56, 9, 55, 28, 44, 21, 20, 14, 22, 53, 0, 47, 3, 33, 38, 20, 37, 7, 17, 23, 15, 6, 48, 31], [23, 1, 1, 36, 46, 34, 54, 48, 11, 6, 21, 50, 8, 48, 18, 20, 33, 49, 27, 29, 52, 36, 16, 33, 49, 16, 14, 48, 4, 25, 15, 0, 11, 20, 33, 44, 15, 56, 58, 24, 28, 55, 57, 52, 14, 22, 53, 33, 47, 3, 33, 28, 1, 37, 7, 24, 16, 15, 59, 48, 46], [23, 2, 2, 36, 46, 30, 54, 48, 11, 6, 21, 5, 17, 48, 12, 2, 33, 49, 8, 29, 15, 36, 16, 33, 49, 16, 12, 8, 4, 25, 15, 0, 3, 20, 5, 41, 15, 56, 58, 24, 28, 55, 57, 52, 14, 22, 53, 33, 47, 3, 33, 28, 1, 37, 7, 24, 16, 15, 59, 48, 46], [47, 52, 15, 3, 46, 3, 54, 48, 11, 6, 21, 32, 17, 27, 12, 36, 33, 49, 8, 29, 15, 3, 16, 33, 49, 16, 12, 8, 4, 25, 36, 0, 3, 34, 5, 41, 3, 56, 58, 24, 28, 55, 21, 20, 14, 22, 53, 8, 27, 3, 34, 28, 20, 37, 7, 24, 16, 36, 59, 48, 46], [23, 52, 15, 5, 4, 34, 9, 31, 11, 4, 21, 50, 8, 59, 18, 20, 56, 49, 27, 46, 33, 3, 16, 56, 49, 29, 14, 48, 4, 19, 5, 60, 11, 16, 33, 44, 30, 53, 9, 24, 28, 44, 57, 20, 14, 22, 4, 0, 7, 3, 33, 28, 20, 46, 6, 24, 37, 15, 6, 58, 46], [47, 52, 15, 5, 46, 5, 54, 48, 11, 6, 21, 5, 17, 27, 18, 30, 33, 49, 8, 29, 33, 3, 16, 33, 49, 16, 14, 8, 4, 25, 5, 0, 11, 34, 5, 44, 30, 56, 58, 24, 28, 55, 21, 20, 14, 22, 53, 8, 27, 3, 34, 28, 20, 37, 7, 24, 16, 36, 59, 48, 46], [31, 52, 15, 32, 9, 11, 6, 54, 27, 6, 21, 8, 8, 59, 18, 20, 33, 12, 27, 29, 33, 3, 16, 0, 55, 29, 14, 48, 4, 56, 5, 7, 11, 47, 33, 44, 30, 56, 9, 55, 28, 44, 21, 20, 14, 22, 4, 48, 7, 3, 33, 38, 20, 37, 6, 17, 23, 36, 6, 58, 31], [31, 52, 15, 32, 46, 11, 54, 7, 27, 6, 21, 8, 8, 48, 18, 20, 33, 12, 27, 29, 33, 3, 16, 0, 55, 29, 14, 48, 4, 56, 5, 7, 11, 47, 33, 44, 30, 56, 9, 55, 28, 44, 21, 20, 14, 22, 60, 48, 7, 3, 33, 38, 20, 37, 7, 17, 23, 36, 6, 48, 31], [47, 52, 15, 32, 46, 11, 54, 48, 8, 6, 21, 8, 8, 27, 18, 30, 33, 12, 8, 29, 33, 3, 16, 0, 55, 16, 14, 8, 4, 25, 5, 0, 11, 50, 50, 44, 30, 56, 58, 55, 28, 44, 21, 20, 14, 22, 53, 8, 27, 3, 11, 38, 20, 37, 7, 17, 16, 36, 59, 48, 31], [31, 52, 15, 32, 9, 11, 9, 54, 27, 9, 21, 8, 8, 59, 18, 20, 33, 12, 27, 46, 33, 3, 16, 0, 55, 29, 14, 48, 4, 19, 5, 7, 11, 47, 33, 44, 30, 53, 9, 55, 28, 44, 21, 20, 14, 22, 4, 48, 7, 3, 33, 38, 20, 46, 6, 17, 23, 36, 6, 58, 31], [47, 52, 15, 21, 46, 3, 54, 48, 11, 6, 10, 32, 17, 27, 12, 36, 33, 49, 8, 29, 15, 10, 16, 33, 21, 16, 12, 8, 4, 25, 36, 0, 3, 34, 5, 41, 21, 56, 58, 10, 28, 55, 21, 20, 41, 22, 53, 8, 27, 3, 34, 28, 20, 37, 7, 39, 16, 36, 59, 48, 46], [47, 52, 15, 32, 46, 11, 54, 48, 11, 6, 21, 11, 8, 27, 18, 30, 33, 12, 8, 29, 33, 3, 16, 33, 49, 16, 14, 8, 4, 25, 5, 0, 11, 50, 50, 44, 30, 56, 58, 24, 28, 44, 21, 20, 14, 22, 53, 8, 27, 3, 11, 28, 20, 37, 7, 17, 16, 36, 59, 48, 31], [47, 52, 15, 49, 46, 3, 54, 48, 12, 6, 21, 8, 12, 27, 12, 36, 33, 12, 14, 29, 33, 3, 16, 0, 55, 16, 12, 8, 4, 25, 36, 0, 12, 50, 50, 44, 3, 56, 58, 55, 28, 12, 21, 20, 14, 22, 53, 8, 27, 17, 11, 38, 20, 37, 7, 17, 16, 36, 59, 48, 31], [47, 52, 15, 32, 9, 11, 58, 48, 27, 6, 21, 8, 8, 13, 18, 20, 33, 12, 27, 29, 33, 3, 16, 0, 55, 16, 14, 13, 51, 25, 5, 7, 11, 47, 33, 44, 30, 56, 58, 55, 28, 44, 21, 20, 14, 22, 60, 48, 13, 3, 11, 38, 20, 37, 7, 17, 23, 36, 59, 13, 31], [47, 52, 15, 49, 46, 11, 54, 48, 18, 6, 21, 8, 14, 27, 14, 36, 33, 12, 14, 29, 33, 3, 16, 0, 55, 16, 14, 18, 4, 25, 5, 7, 12, 47, 50, 44, 3, 56, 58, 55, 28, 44, 21, 20, 14, 22, 60, 48, 27, 17, 11, 38, 20, 37, 7, 17, 23, 36, 59, 48, 31], [23, 52, 15, 36, 46, 30, 54, 48, 11, 6, 21, 5, 17, 48, 12, 15, 33, 49, 8, 29, 15, 36, 16, 33, 49, 16, 12, 8, 4, 25, 15, 0, 3, 20, 5, 41, 15, 56, 58, 24, 28, 55, 57, 20, 14, 22, 53, 33, 47, 3, 33, 28, 20, 37, 7, 24, 16, 15, 59, 48, 46], [23, 52, 15, 5, 46, 34, 54, 48, 11, 6, 21, 50, 8, 48, 18, 20, 16, 49, 27, 29, 33, 3, 16, 33, 49, 16, 14, 48, 4, 25, 5, 0, 11, 16, 33, 44, 30, 56, 58, 24, 28, 44, 57, 20, 14, 22, 53, 33, 47, 3, 33, 28, 20, 37, 7, 24, 16, 15, 59, 48, 46], [47, 52, 15, 49, 46, 3, 54, 48, 12, 6, 21, 8, 17, 27, 12, 36, 33, 17, 14, 29, 15, 3, 16, 0, 55, 16, 12, 8, 4, 25, 36, 0, 12, 34, 5, 44, 3, 56, 58, 55, 28, 55, 21, 20, 14, 22, 53, 8, 27, 17, 11, 38, 20, 37, 7, 17, 16, 36, 59, 48, 31], [47, 52, 15, 32, 46, 11, 54, 48, 18, 6, 21, 8, 14, 27, 18, 30, 33, 12, 18, 29, 33, 3, 16, 0, 55, 16, 14, 18, 4, 25, 5, 7, 11, 47, 50, 44, 30, 56, 58, 55, 28, 44, 21, 20, 14, 22, 60, 48, 27, 17, 11, 38, 20, 37, 7, 17, 23, 36, 59, 48, 31], [23, 52, 15, 5, 46, 34, 54, 31, 11, 4, 21, 50, 8, 48, 18, 20, 25, 49, 27, 19, 33, 3, 25, 56, 49, 29, 14, 48, 4, 19, 5, 0, 11, 16, 33, 44, 30, 19, 9, 24, 28, 44, 57, 20, 14, 22, 19, 33, 47, 3, 33, 28, 20, 37, 7, 24, 29, 15, 6, 48, 46], [23, 52, 15, 36, 46, 34, 54, 48, 11, 6, 21, 50, 8, 48, 18, 20, 33, 49, 27, 29, 20, 36, 16, 33, 49, 16, 14, 48, 4, 25, 15, 0, 11, 20, 33, 44, 15, 56, 58, 24, 28, 55, 57, 20, 14, 22, 53, 33, 47, 3, 33, 28, 20, 37, 7, 24, 16, 15, 59, 48, 46], [47, 52, 15, 21, 46, 3, 54, 48, 11, 6, 21, 32, 17, 27, 12, 36, 33, 49, 8, 29, 15, 21, 16, 33, 21, 16, 12, 8, 4, 25, 36, 0, 3, 34, 5, 41, 21, 56, 58, 24, 28, 55, 21, 20, 14, 22, 53, 8, 27, 3, 34, 28, 20, 37, 7, 24, 16, 36, 59, 48, 46], [23, 52, 15, 5, 46, 34, 54, 48, 11, 6, 21, 50, 8, 48, 18, 20, 22, 49, 27, 29, 33, 3, 22, 33, 49, 22, 14, 48, 4, 25, 5, 0, 11, 16, 33, 44, 30, 56, 58, 24, 28, 44, 57, 20, 14, 22, 53, 33, 47, 3, 33, 28, 20, 37, 7, 24, 16, 15, 59, 48, 46], [23, 52, 15, 5, 46, 34, 54, 31, 47, 6, 21, 50, 8, 48, 18, 20, 33, 12, 27, 29, 33, 3, 16, 23, 49, 29, 14, 48, 4, 56, 5, 0, 11, 23, 33, 44, 30, 56, 9, 24, 28, 44, 57, 20, 14, 22, 53, 0, 47, 3, 33, 28, 20, 37, 7, 17, 23, 15, 6, 48, 31], [47, 52, 15, 49, 46, 3, 54, 48, 12, 6, 21, 32, 17, 27, 12, 36, 33, 55, 14, 29, 15, 24, 16, 33, 24, 16, 12, 8, 4, 25, 36, 0, 3, 34, 5, 41, 3, 56, 58, 24, 28, 55, 21, 20, 41, 22, 53, 8, 27, 24, 34, 28, 20, 37, 7, 24, 16, 36, 59, 48, 31], [23, 52, 15, 5, 46, 34, 54, 31, 11, 4, 21, 50, 8, 48, 18, 20, 25, 49, 27, 29, 33, 3, 25, 56, 49, 25, 14, 48, 4, 25, 5, 0, 11, 16, 33, 44, 30, 56, 9, 24, 28, 44, 57, 20, 14, 22, 19, 33, 47, 3, 33, 28, 20, 37, 7, 24, 29, 15, 59, 48, 46], [47, 52, 15, 49, 46, 11, 54, 48, 18, 6, 21, 8, 26, 27, 26, 36, 33, 12, 14, 29, 33, 3, 16, 0, 55, 16, 26, 18, 4, 25, 36, 7, 12, 47, 50, 44, 3, 56, 58, 55, 28, 44, 21, 20, 14, 22, 60, 48, 27, 17, 11, 38, 20, 37, 7, 17, 23, 36, 59, 48, 31], [47, 52, 15, 32, 46, 11, 54, 48, 27, 6, 21, 8, 8, 27, 18, 30, 33, 12, 27, 29, 33, 3, 16, 0, 55, 16, 14, 27, 4, 25, 5, 7, 11, 47, 50, 44, 30, 56, 58, 55, 28, 44, 21, 20, 14, 22, 60, 48, 27, 3, 11, 38, 20, 37, 7, 17, 23, 36, 59, 48, 31], [23, 52, 15, 5, 28, 34, 9, 31, 11, 4, 21, 50, 8, 59, 18, 20, 56, 49, 27, 46, 33, 3, 16, 56, 49, 29, 14, 48, 28, 19, 5, 60, 11, 16, 33, 44, 30, 53, 51, 24, 28, 44, 57, 20, 14, 22, 4, 0, 7, 3, 33, 28, 20, 46, 6, 24, 37, 15, 38, 58, 46], [23, 52, 15, 5, 46, 34, 54, 31, 11, 4, 21, 50, 8, 48, 18, 20, 25, 49, 27, 29, 33, 3, 25, 56, 49, 29, 14, 48, 4, 29, 5, 0, 11, 16, 33, 44, 30, 56, 9, 24, 28, 44, 57, 20, 14, 22, 19, 33, 47, 3, 33, 28, 20, 37, 7, 24, 29, 15, 6, 48, 46], [47, 52, 15, 36, 46, 30, 54, 48, 11, 6, 21, 5, 17, 27, 18, 30, 33, 49, 8, 29, 15, 36, 16, 33, 49, 16, 12, 8, 4, 25, 30, 0, 3, 34, 5, 44, 30, 56, 58, 24, 28, 55, 57, 20, 14, 22, 53, 8, 27, 3, 34, 28, 20, 37, 7, 24, 16, 36, 59, 48, 46], [31, 52, 15, 32, 46, 11, 54, 31, 47, 6, 21, 8, 8, 48, 18, 20, 33, 12, 27, 29, 33, 3, 16, 0, 55, 29, 14, 48, 4, 56, 5, 31, 11, 23, 33, 44, 30, 56, 9, 55, 28, 44, 21, 20, 14, 22, 60, 0, 7, 3, 33, 38, 20, 37, 7, 17, 23, 15, 6, 48, 31], [47, 52, 15, 32, 46, 11, 54, 48, 11, 6, 21, 32, 32, 27, 12, 36, 33, 12, 8, 29, 33, 3, 16, 33, 49, 16, 12, 8, 4, 25, 36, 0, 32, 50, 50, 44, 3, 56, 58, 24, 28, 12, 21, 20, 14, 22, 53, 8, 27, 3, 11, 28, 20, 37, 7, 17, 16, 36, 59, 48, 31], [23, 52, 15, 5, 46, 34, 54, 48, 11, 6, 21, 50, 8, 48, 18, 20, 33, 49, 27, 29, 33, 3, 16, 33, 49, 16, 14, 48, 4, 25, 5, 0, 11, 33, 33, 44, 30, 56, 58, 24, 28, 44, 57, 20, 14, 22, 53, 33, 47, 3, 33, 28, 20, 37, 7, 24, 16, 15, 59, 48, 46], [23, 52, 15, 5, 46, 34, 54, 48, 11, 6, 21, 50, 8, 48, 18, 30, 33, 49, 8, 29, 33, 3, 16, 33, 49, 16, 14, 8, 4, 25, 5, 0, 11, 34, 34, 44, 30, 56, 58, 24, 28, 44, 21, 20, 14, 22, 53, 33, 47, 3, 34, 28, 20, 37, 7, 24, 16, 36, 59, 48, 46], [47, 52, 15, 49, 46, 11, 54, 48, 18, 6, 39, 8, 14, 27, 44, 36, 33, 12, 14, 29, 33, 24, 16, 0, 55, 16, 14, 18, 4, 25, 5, 7, 12, 47, 50, 35, 3, 56, 58, 55, 28, 35, 21, 20, 35, 22, 60, 48, 27, 24, 11, 38, 20, 37, 7, 41, 23, 36, 59, 48, 31], [47, 52, 15, 36, 46, 30, 54, 48, 11, 6, 21, 5, 17, 27, 12, 36, 33, 49, 8, 29, 15, 36, 16, 33, 49, 16, 12, 8, 4, 25, 36, 0, 3, 34, 5, 41, 36, 56, 58, 24, 28, 55, 57, 20, 14, 22, 53, 8, 27, 3, 34, 28, 20, 37, 7, 24, 16, 36, 59, 48, 46], [23, 52, 15, 5, 46, 34, 54, 31, 11, 4, 21, 50, 8, 48, 18, 20, 56, 49, 27, 37, 33, 3, 16, 56, 49, 29, 14, 48, 4, 56, 5, 0, 11, 16, 33, 44, 30, 37, 9, 24, 28, 44, 57, 20, 14, 22, 53, 0, 47, 3, 33, 28, 20, 37, 7, 24, 37, 15, 6, 48, 46], [31, 52, 15, 32, 9, 11, 9, 54, 27, 38, 21, 8, 8, 59, 18, 20, 33, 12, 27, 46, 33, 3, 16, 0, 55, 29, 14, 48, 51, 19, 5, 7, 11, 47, 33, 44, 30, 53, 38, 55, 28, 44, 21, 20, 14, 22, 4, 48, 59, 3, 33, 38, 20, 46, 6, 17, 23, 36, 38, 58, 31], [47, 52, 15, 49, 46, 3, 54, 48, 12, 6, 39, 32, 17, 27, 12, 36, 33, 55, 14, 29, 15, 24, 16, 33, 39, 16, 12, 8, 4, 25, 36, 0, 3, 34, 5, 41, 3, 56, 58, 39, 28, 55, 21, 20, 41, 22, 53, 8, 27, 24, 34, 38, 20, 37, 7, 39, 16, 36, 59, 48, 31], [23, 52, 15, 5, 28, 34, 9, 31, 11, 4, 21, 50, 8, 59, 18, 20, 56, 49, 27, 46, 33, 3, 16, 56, 49, 29, 14, 48, 40, 19, 5, 60, 11, 16, 33, 44, 30, 53, 51, 24, 40, 44, 57, 20, 14, 22, 4, 0, 7, 3, 33, 28, 20, 46, 6, 24, 37, 15, 38, 58, 46], [47, 52, 15, 49, 46, 3, 54, 48, 18, 6, 39, 8, 41, 27, 44, 36, 33, 55, 14, 29, 15, 24, 16, 0, 55, 16, 14, 18, 4, 25, 36, 7, 12, 47, 50, 41, 3, 56, 58, 55, 28, 41, 21, 20, 41, 22, 60, 48, 27, 24, 11, 38, 20, 37, 7, 41, 23, 36, 59, 48, 31], [47, 52, 15, 21, 46, 3, 54, 48, 11, 6, 21, 32, 17, 27, 12, 57, 33, 49, 8, 29, 15, 42, 16, 33, 21, 16, 12, 8, 4, 25, 36, 0, 3, 20, 5, 41, 57, 56, 58, 24, 28, 55, 42, 20, 14, 22, 53, 8, 27, 3, 34, 28, 20, 37, 7, 24, 16, 42, 59, 48, 46], [23, 52, 1, 36, 46, 34, 54, 48, 11, 6, 21, 50, 8, 48, 18, 20, 33, 49, 27, 29, 43, 36, 16, 33, 49, 16, 14, 48, 4, 25, 15, 0, 11, 20, 33, 44, 15, 56, 58, 24, 28, 55, 57, 43, 14, 22, 53, 33, 47, 3, 33, 28, 43, 37, 7, 24, 16, 15, 59, 48, 46], [47, 52, 15, 49, 46, 11, 54, 48, 18, 6, 39, 8, 14, 27, 44, 36, 33, 12, 14, 29, 33, 3, 16, 0, 55, 16, 14, 18, 4, 25, 5, 7, 12, 47, 50, 44, 3, 56, 58, 55, 28, 44, 21, 20, 44, 22, 60, 48, 27, 17, 11, 38, 20, 37, 7, 41, 23, 36, 59, 48, 31], [23, 52, 15, 5, 46, 34, 54, 48, 11, 6, 21, 50, 8, 48, 18, 20, 22, 49, 27, 29, 33, 3, 45, 33, 49, 22, 14, 48, 4, 25, 5, 0, 11, 16, 33, 44, 30, 56, 58, 24, 28, 44, 57, 20, 14, 45, 53, 33, 47, 3, 33, 28, 20, 37, 7, 24, 16, 15, 59, 48, 46], [23, 52, 15, 5, 46, 34, 9, 31, 11, 4, 21, 50, 8, 48, 18, 20, 56, 49, 27, 46, 33, 3, 16, 56, 49, 29, 14, 48, 4, 19, 5, 60, 11, 16, 33, 44, 30, 53, 9, 24, 28, 44, 57, 20, 14, 22, 46, 0, 7, 3, 33, 28, 20, 46, 7, 24, 37, 15, 6, 48, 46], [47, 52, 15, 32, 46, 11, 54, 48, 47, 6, 21, 8, 8, 48, 18, 20, 33, 12, 27, 29, 33, 3, 16, 0, 55, 16, 14, 48, 4, 25, 5, 0, 11, 47, 33, 44, 30, 56, 58, 55, 28, 44, 21, 20, 14, 22, 53, 47, 47, 3, 33, 38, 20, 37, 7, 17, 23, 15, 59, 48, 31], [47, 52, 15, 32, 46, 11, 54, 48, 27, 6, 21, 8, 8, 48, 18, 20, 33, 12, 27, 29, 33, 3, 16, 0, 55, 16, 14, 48, 4, 25, 5, 7, 11, 47, 33, 44, 30, 56, 58, 55, 28, 44, 21, 20, 14, 22, 60, 48, 48, 3, 33, 38, 20, 37, 7, 17, 23, 36, 59, 48, 31], [47, 52, 15, 49, 46, 3, 54, 48, 11, 6, 21, 32, 17, 27, 12, 36, 33, 49, 14, 29, 15, 3, 16, 33, 49, 16, 12, 8, 4, 25, 36, 0, 3, 34, 5, 41, 3, 56, 58, 24, 28, 55, 21, 20, 14, 22, 53, 8, 27, 49, 34, 28, 20, 37, 7, 24, 16, 36, 59, 48, 46], [23, 52, 15, 5, 46, 34, 54, 48, 11, 6, 21, 50, 8, 27, 18, 20, 33, 12, 8, 29, 33, 3, 16, 33, 49, 16, 14, 8, 4, 25, 5, 0, 11, 50, 50, 44, 30, 56, 58, 24, 28, 44, 21, 20, 14, 22, 53, 33, 47, 3, 50, 28, 20, 37, 7, 17, 16, 36, 59, 48, 46], [31, 52, 15, 5, 28, 34, 9, 54, 27, 38, 21, 50, 8, 59, 18, 20, 56, 12, 27, 46, 33, 3, 16, 56, 49, 29, 14, 48, 51, 19, 5, 7, 11, 16, 33, 44, 30, 53, 51, 55, 28, 44, 57, 20, 14, 22, 4, 48, 59, 3, 33, 51, 20, 46, 6, 17, 37, 15, 38, 58, 46], [23, 52, 1, 36, 46, 34, 54, 48, 11, 6, 21, 50, 8, 48, 18, 20, 33, 49, 27, 29, 52, 36, 16, 33, 49, 16, 14, 48, 4, 25, 15, 0, 11, 20, 33, 44, 15, 56, 58, 24, 28, 55, 57, 52, 14, 22, 53, 33, 47, 3, 33, 28, 52, 37, 7, 24, 16, 15, 59, 48, 46], [23, 52, 15, 5, 46, 34, 54, 31, 11, 4, 21, 50, 8, 48, 18, 20, 56, 49, 27, 37, 33, 3, 16, 56, 49, 29, 14, 48, 4, 56, 5, 0, 11, 16, 33, 44, 30, 53, 9, 24, 28, 44, 57, 20, 14, 22, 53, 0, 47, 3, 33, 28, 20, 53, 7, 24, 37, 15, 6, 48, 46], [31, 52, 15, 32, 9, 11, 54, 54, 27, 6, 21, 8, 8, 48, 18, 20, 33, 12, 27, 29, 33, 3, 16, 0, 55, 29, 14, 48, 4, 56, 5, 7, 11, 47, 33, 44, 30, 56, 9, 55, 28, 44, 21, 20, 14, 22, 60, 48, 7, 3, 33, 38, 20, 37, 54, 17, 23, 36, 6, 48, 31], [47, 52, 15, 49, 46, 3, 54, 48, 12, 6, 39, 8, 17, 27, 12, 36, 33, 55, 14, 29, 15, 24, 16, 0, 55, 16, 12, 8, 4, 25, 36, 0, 12, 34, 5, 41, 3, 56, 58, 55, 28, 55, 21, 20, 41, 22, 53, 8, 27, 24, 11, 38, 20, 37, 7, 55, 16, 36, 59, 48, 31], [23, 52, 15, 5, 46, 34, 54, 31, 11, 6, 21, 50, 8, 48, 18, 20, 56, 49, 27, 29, 33, 3, 16, 56, 49, 29, 14, 48, 4, 56, 5, 0, 11, 16, 33, 44, 30, 56, 9, 24, 28, 44, 57, 20, 14, 22, 53, 0, 47, 3, 33, 28, 20, 37, 7, 24, 56, 15, 6, 48, 46], [23, 52, 15, 36, 46, 30, 54, 48, 11, 6, 21, 5, 17, 27, 12, 57, 33, 49, 8, 29, 15, 36, 16, 33, 49, 16, 12, 8, 4, 25, 36, 0, 3, 20, 5, 41, 57, 56, 58, 24, 28, 55, 57, 20, 14, 22, 53, 33, 27, 3, 34, 28, 20, 37, 7, 24, 16, 57, 59, 48, 46], [31, 52, 15, 32, 9, 11, 58, 54, 27, 6, 21, 8, 8, 59, 18, 20, 33, 12, 27, 29, 33, 3, 16, 0, 55, 16, 14, 48, 51, 56, 5, 7, 11, 47, 33, 44, 30, 56, 58, 55, 28, 44, 21, 20, 14, 22, 4, 48, 59, 3, 33, 38, 20, 37, 6, 17, 23, 36, 58, 58, 31], [47, 52, 15, 32, 9, 11, 58, 48, 27, 6, 21, 8, 8, 59, 18, 20, 33, 12, 27, 29, 33, 3, 16, 0, 55, 16, 14, 48, 51, 25, 5, 7, 11, 47, 33, 44, 30, 56, 58, 55, 28, 44, 21, 20, 14, 22, 60, 48, 59, 3, 33, 38, 20, 37, 7, 17, 23, 36, 59, 59, 31], [31, 52, 15, 5, 46, 34, 54, 31, 47, 6, 21, 8, 8, 48, 18, 20, 56, 12, 27, 46, 33, 3, 16, 0, 55, 29, 14, 48, 4, 19, 5, 60, 11, 16, 33, 44, 30, 53, 9, 55, 28, 44, 57, 20, 14, 22, 60, 0, 7, 3, 33, 28, 20, 46, 7, 17, 37, 15, 6, 48, 60]], {"Alexandra": 0, "Anglesea": 1, "Apollo Bay": 2, "Ararat": 3, "Bairnsdale": 4, "Ballarat": 5, "Beechworth": 6, "Benalla": 7, "Bendigo": 8, "Bright": 9, "Casterton": 10, "Castlemaine": 11, "Charlton": 12, "Cobram": 13, "Cohuna": 14, "Colac": 15, "Cranbourne": 16, "Donald": 17, "Echuca": 18, "Foster": 19, "Geelong": 20, "Hamilton": 21, "Hastings": 22, "Healesville": 23, "Horsham": 24, "Inverloch": 25, "Kerang": 26, "Kyabram": 27, "Lakes Entrance": 28, "Leongatha": 29, "Lismore": 30, "Mansfield": 31, "Maryborough": 32, "Melbourne": 33, "Melton": 34, "Mildura": 35, "Mortlake": 36, "Morwell": 37, "Mount Beauty": 38, "Nhill": 39, "Orbost": 40, "Ouyen": 41, "Portland": 42, "Queenscliff": 43, "Robinvale": 44, "Rye": 45, "Sale": 46, "Seymour": 47, "Shepparton": 48, "Stawell": 49, "Sunbury": 50, "Swifts Creek": 51, "Torquay": 52, "Traralgon": 53, "Wangaratta": 54, "Warracknabeal": 55, "Warragul": 56, "Warrnambool": 57, "Wodonga": 58, "Yarrawonga": 59, "Licola": 60}]